105.925 490.84 113.818
-335.995 533.897 115.759
-355.503 659.769 118.138
107.123 667.776 114.44
98.112 325.767 112.461
-401.462 387.814 115.179
-28.491 438.817 113.543
-187.292 414.184 113.899
-257.179 617.132 116.287
-110.146 657.156 116.053


nozzle
198.630615 499.154541 107.808212
-242.935 542.289 109.378
-262.573 668.125 110.714
199.425415 676.893005 109.387390
190.497284 334.108398 108.344864
-308.187500 395.904572 108.441116
64.574471 447.155762 107.756943
-94.423248 422.179321 107.756912
-164.428314 625.175720 109.703079
-17.425642 665.224731 109.574997